100006080400000036000070500340001000000020000009050000030008060002500900010000000
100006080400000036000070500340001000000020000009050000030008060002500900010000000
100006080400000036000070500340001000000020000009050000030008060002500900010000000
100006080400000036000070500340001000000020000009050000030008060002500900010000000
100006080400000036000070500340001000000020000009050000030008060002500900010000000
100006080400000036000070500340001000000020000009050000030008060002500900010000000
100006080400000036000070500340001000000020000009050000030008060002500900010000000
100006080400000036000070500340001000000020000009050000030008060002500900010000000
100006080400000036000070500340001000000020000009050000030008060002500900010000000
100006080400000036000070500340001000000020000009050000030008060002500900010000000
100006080400000036000070500340001000000020000009050000030008060002500900010000000
100006080400000036000070500340001000000020000009050000030008060002500900010000000
100006080400000036000070500340001000000020000009050000030008060002500900010000000
100006080400000036000070500340001000000020000009050000030008060002500900010000000
100006080400000036000070500340001000000020000009050000030008060002500900010000000
100006080400000036000070500340001000000020000009050000030008060002500900010000000
100006080400000036000070500340001000000020000009050000030008060002500900010000000
100006080400000036000070500340001000000020000009050000030008060002500900010000000
100006080400000036000070500340001000000020000009050000030008060002500900010000000
100006080400000036000070500340001000000020000009050000030008060002500900010000000
100006080400000036000070500340001000000020000009050000030008060002500900010000000
100006080400000036000070500340001000000020000009050000030008060002500900010000000
100006080400000036000070500340001000000020000009050000030008060002500900010000000
100006080400000036000070500340001000000020000009050000030008060002500900010000000
100006080400000036000070500340001000000020000009050000030008060002500900010000000
100006080400000036000070500340001000000020000009050000030008060002500900010000000
100006080400000036000070500340001000000020000009050000030008060002500900010000000
100006080400000036000070500340001000000020000009050000030008060002500900010000000
100006080400000036000070500340001000000020000009050000030008060002500900010000000
100006080400000036000070500340001000000020000009050000030008060002500900010000000
100006080400000036000070500340001000000020000009050000030008060002500900010000000
100006080400000036000070500340001000000020000009050000030008060002500900010000000
100006080400000036000070500340001000000020000009050000030008060002500900010000000
100006080400000036000070500340001000000020000009050000030008060002500900010000000
100006080400000036000070500340001000000020000009050000030008060002500900010000000
100006080400000036000070500340001000000020000009050000030008060002500900010000000
100006080400000036000070500340001000000020000009050000030008060002500900010000000
100006080400000036000070500340001000000020000009050000030008060002500900010000000
100006080400000036000070500340001000000020000009050000030008060002500900010000000
100006080400000036000070500340001000000020000009050000030008060002500900010000000
100006080400000036000070500340001000000020000009050000030008060002500900010000000
100006080400000036000070500340001000000020000009050000030008060002500900010000000
100006080400000036000070500340001000000020000009050000030008060002500900010000000
100006080400000036000070500340001000000020000009050000030008060002500900010000000
100006080400000036000070500340001000000020000009050000030008060002500900010000000
100006080400000036000070500340001000000020000009050000030008060002500900010000000
100006080400000036000070500340001000000020000009050000030008060002500900010000000
100006080400000036000070500340001000000020000009050000030008060002500900010000000
100006080400000036000070500340001000000020000009050000030008060002500900010000000
100006080400000036000070500340001000000020000009050000030008060002500900010000000
100006080400000036000070500340001000000020000009050000030008060002500900010000000
100006080400000036000070500340001000000020000009050000030008060002500900010000000
100006080400000036000070500340001000000020000009050000030008060002500900010000000
100006080400000036000070500340001000000020000009050000030008060002500900010000000
100006080400000036000070500340001000000020000009050000030008060002500900010000000
100006080400000036000070500340001000000020000009050000030008060002500900010000000
100006080400000036000070500340001000000020000009050000030008060002500900010000000
100006080400000036000070500340001000000020000009050000030008060002500900010000000
100006080400000036000070500340001000000020000009050000030008060002500900010000000
100006080400000036000070500340001000000020000009050000030008060002500900010000000
100006080400000036000070500340001000000020000009050000030008060002500900010000000
100006080400000036000070500340001000000020000009050000030008060002500900010000000
100006080400000036000070500340001000000020000009050000030008060002500900010000000
100006080400000036000070500340001000000020000009050000030008060002500900010000000
100006080400000036000070500340001000000020000009050000030008060002500900010000000
100006080400000036000070500340001000000020000009050000030008060002500900010000000
100006080400000036000070500340001000000020000009050000030008060002500900010000000
100006080400000036000070500340001000000020000009050000030008060002500900010000000
100006080400000036000070500340001000000020000009050000030008060002500900010000000
100006080400000036000070500340001000000020000009050000030008060002500900010000000
100006080400000036000070500340001000000020000009050000030008060002500900010000000
100006080400000036000070500340001000000020000009050000030008060002500900010000000
100006080400000036000070500340001000000020000009050000030008060002500900010000000
100006080400000036000070500340001000000020000009050000030008060002500900010000000
100006080400000036000070500340001000000020000009050000030008060002500900010000000
100006080400000036000070500340001000000020000009050000030008060002500900010000000
100006080400000036000070500340001000000020000009050000030008060002500900010000000
100006080400000036000070500340001000000020000009050000030008060002500900010000000
100006080400000036000070500340001000000020000009050000030008060002500900010000000
100006080400000036000070500340001000000020000009050000030008060002500900010000000
100006080400000036000070500340001000000020000009050000030008060002500900010000000
100006080400000036000070500340001000000020000009050000030008060002500900010000000
100006080400000036000070500340001000000020000009050000030008060002500900010000000
100006080400000036000070500340001000000020000009050000030008060002500900010000000
100006080400000036000070500340001000000020000009050000030008060002500900010000000
100006080400000036000070500340001000000020000009050000030008060002500900010000000
100006080400000036000070500340001000000020000009050000030008060002500900010000000
100006080400000036000070500340001000000020000009050000030008060002500900010000000
100006080400000036000070500340001000000020000009050000030008060002500900010000000
100006080400000036000070500340001000000020000009050000030008060002500900010000000
100006080400000036000070500340001000000020000009050000030008060002500900010000000
100006080400000036000070500340001000000020000009050000030008060002500900010000000
100006080400000036000070500340001000000020000009050000030008060002500900010000000
100006080400000036000070500340001000000020000009050000030008060002500900010000000
100006080400000036000070500340001000000020000009050000030008060002500900010000000
100006080400000036000070500340001000000020000009050000030008060002500900010000000
100006080400000036000070500340001000000020000009050000030008060002500900010000000
100006080400000036000070500340001000000020000009050000030008060002500900010000000
100006080400000036000070500340001000000020000009050000030008060002500900010000000
100006080400000036000070500340001000000020000009050000030008060002500900010000000
100006080400000036000070500340001000000020000009050000030008060002500900010000000
100006080400000036000070500340001000000020000009050000030008060002500900010000000
100006080400000036000070500340001000000020000009050000030008060002500900010000000
100006080400000036000070500340001000000020000009050000030008060002500900010000000
100006080400000036000070500340001000000020000009050000030008060002500900010000000
100006080400000036000070500340001000000020000009050000030008060002500900010000000
100006080400000036000070500340001000000020000009050000030008060002500900010000000
100006080400000036000070500340001000000020000009050000030008060002500900010000000
100006080400000036000070500340001000000020000009050000030008060002500900010000000
100006080400000036000070500340001000000020000009050000030008060002500900010000000
100006080400000036000070500340001000000020000009050000030008060002500900010000000
100006080400000036000070500340001000000020000009050000030008060002500900010000000
100006080400000036000070500340001000000020000009050000030008060002500900010000000
100006080400000036000070500340001000000020000009050000030008060002500900010000000
100006080400000036000070500340001000000020000009050000030008060002500900010000000
100006080400000036000070500340001000000020000009050000030008060002500900010000000
100006080400000036000070500340001000000020000009050000030008060002500900010000000
100006080400000036000070500340001000000020000009050000030008060002500900010000000
100006080400000036000070500340001000000020000009050000030008060002500900010000000
100006080400000036000070500340001000000020000009050000030008060002500900010000000
100006080400000036000070500340001000000020000009050000030008060002500900010000000
100006080400000036000070500340001000000020000009050000030008060002500900010000000
100006080400000036000070500340001000000020000009050000030008060002500900010000000
100006080400000036000070500340001000000020000009050000030008060002500900010000000
100006080400000036000070500340001000000020000009050000030008060002500900010000000
100006080400000036000070500340001000000020000009050000030008060002500900010000000
100006080400000036000070500340001000000020000009050000030008060002500900010000000
100006080400000036000070500340001000000020000009050000030008060002500900010000000
100006080400000036000070500340001000000020000009050000030008060002500900010000000
100006080400000036000070500340001000000020000009050000030008060002500900010000000
100006080400000036000070500340001000000020000009050000030008060002500900010000000
100006080400000036000070500340001000000020000009050000030008060002500900010000000
100006080400000036000070500340001000000020000009050000030008060002500900010000000
100006080400000036000070500340001000000020000009050000030008060002500900010000000
100006080400000036000070500340001000000020000009050000030008060002500900010000000
100006080400000036000070500340001000000020000009050000030008060002500900010000000
100006080400000036000070500340001000000020000009050000030008060002500900010000000
100006080400000036000070500340001000000020000009050000030008060002500900010000000
100006080400000036000070500340001000000020000009050000030008060002500900010000000
100006080400000036000070500340001000000020000009050000030008060002500900010000000
100006080400000036000070500340001000000020000009050000030008060002500900010000000
100006080400000036000070500340001000000020000009050000030008060002500900010000000
100006080400000036000070500340001000000020000009050000030008060002500900010000000
100006080400000036000070500340001000000020000009050000030008060002500900010000000
100006080400000036000070500340001000000020000009050000030008060002500900010000000
100006080400000036000070500340001000000020000009050000030008060002500900010000000
100006080400000036000070500340001000000020000009050000030008060002500900010000000
100006080400000036000070500340001000000020000009050000030008060002500900010000000
100006080400000036000070500340001000000020000009050000030008060002500900010000000
100006080400000036000070500340001000000020000009050000030008060002500900010000000
100006080400000036000070500340001000000020000009050000030008060002500900010000000
100006080400000036000070500340001000000020000009050000030008060002500900010000000
100006080400000036000070500340001000000020000009050000030008060002500900010000000
100006080400000036000070500340001000000020000009050000030008060002500900010000000
100006080400000036000070500340001000000020000009050000030008060002500900010000000
100006080400000036000070500340001000000020000009050000030008060002500900010000000
100006080400000036000070500340001000000020000009050000030008060002500900010000000
100006080400000036000070500340001000000020000009050000030008060002500900010000000
100006080400000036000070500340001000000020000009050000030008060002500900010000000
100006080400000036000070500340001000000020000009050000030008060002500900010000000
100006080400000036000070500340001000000020000009050000030008060002500900010000000
100006080400000036000070500340001000000020000009050000030008060002500900010000000
100006080400000036000070500340001000000020000009050000030008060002500900010000000
100006080400000036000070500340001000000020000009050000030008060002500900010000000
100006080400000036000070500340001000000020000009050000030008060002500900010000000
100006080400000036000070500340001000000020000009050000030008060002500900010000000
......9...7.2.65...8...9.4....5..4.2.1.....7.4.6..2....2.8...9...83.7.2...1......
..1...76.6...9.4.8.....2...2..8.......7.6.5.......9..3...1.......6.4...5.15.7.9..
.3...5.4.5...1.6.3..6......8....1.5.....6.....9.7....8......4..1.4.8...2.5..7..9.
...3..4.....8.2..9.4...7.2..2......7...1.5...89.....5...376.........1..86.4...1..
4....9.3....6...29..1.........7..2...6.583.7.....1..........8..93...6....5.2....6
.......5..4..687.29..1....8...6...21....7....83...4...2....6..56.582..4..7.......
..27.15......3..8..8.9...7..6.1.3.5.5.......8.7.8.5.9..4...9.3..2..6......93.86..
.1...9.4...3...5..9....38..5..1...3....652....6...8..7..8.....3..6...4...2.4...6.
...9....8..6..5.....9.743..31..5..2.6.......3.9..2..67..541.7.....5..2..4....3...
..1.7.......8..4..8.......31.3.2..8...45.37...5..1.3.22.......9..6..4.......9.1..
2....51.........64..4.6......9.8.3.....5.4.....5.1.2......7.5..53.....1...69....8
9..851.....79.6.....5.2....82.....3...1...8...4.....27....6.2.....1.53.....782..6
9...4......61..2...2.9.7.311.3...58....8.1....87...1.271.6.8.2...8..43......1...8
.........6..9...2..28..53....5.248..9.2.5.1.4..487.5....34..95..5...8..1.........
3..7...1...7.2....82.5....62.94......5.....2......23.91....9.54....8.1...6...5..3
......9.......3.8127..1..3.....41.7.41..7..62.9.68.....3..6..1556.1.......4......
..6...7...1.8...6...2.46.9..8......6...954...5......4..4.18.2.......9.1...7...5..
.3.96..1.9..........74.8..5..4.5.68...........69.4.3..4..3.57..........4.7..94.2.
003004070010900000000002001100200040804060703050007000200500000000009030080700600
.8.9...1......3.....21.48.38.....5...9..6..7...7.....21.83.57.....8......2...9.4.
.34....1...26.........9......6....258...3...9.7....4.8....5...3.....79...6....24.
..9....6.....31..774..9...8..7..9...6...4...9...3..8..4...6..7.5..41.....2....3..
000008010300000085000600904010500200000060000005002069706001000190400007080200000
85...2.3...4.7....2..1..6....5..7....8.....4....6..1....6..8..5....4.3...1.3...97
7........2...3.1.5...28.6..5...4...36.48.32.18...1...6..5.94...4.7.2...9........8
